0 0.658073 0.093056 0.034896 0.112037
0 0.695833 0.100926 0.032292 0.094444
0 0.405990 0.239815 0.042188 0.066667
0 0.476823 0.243519 0.031771 0.079630
0 0.514062 0.250463 0.028125 0.065741
0 0.579167 0.241204 0.076042 0.108333
0 0.642969 0.250000 0.029687 0.077778
0 0.681510 0.248148 0.030729 0.087037
0 0.390885 0.398611 0.034896 0.071296
0 0.428385 0.397222 0.032813 0.070370
0 0.473177 0.403241 0.018229 0.080556
0 0.502344 0.396296 0.023438 0.068519
0 0.464323 0.539352 0.033854 0.063889
0 0.497396 0.544444 0.027083 0.064815
0 0.547656 0.539815 0.019271 0.068519
0 0.578385 0.537037 0.024479 0.064815
0 0.382812 0.671759 0.030208 0.069444
0 0.414583 0.678241 0.025000 0.076852
0 0.460677 0.671296 0.025521 0.061111
0 0.495833 0.670370 0.032292 0.048148
