0 0.681510 0.248148 0.030729 0.087037
0 0.659896 0.093519 0.023958 0.096296
0 0.691667 0.095370 0.023958 0.096296
0 0.389323 0.390741 0.024479 0.090741
0 0.422656 0.391667 0.027604 0.096296
0 0.467187 0.535185 0.026042 0.075926
0 0.499740 0.537963 0.030729 0.074074
0 0.384896 0.664815 0.023958 0.096296
0 0.413021 0.672222 0.023958 0.096296
0 0.458854 0.672222 0.023958 0.096296
0 0.492188 0.672222 0.023958 0.096296
0 0.471615 0.393519 0.028646 0.088889
0 0.505208 0.390741 0.026042 0.094444
0 0.407292 0.241204 0.036458 0.086111
0 0.475260 0.240741 0.026562 0.088889
0 0.515104 0.241204 0.023958 0.087963
0 0.644271 0.246296 0.030208 0.101852
0 0.578646 0.241667 0.084375 0.107407
0 0.639844 0.533796 0.049479 0.082407
0 0.550521 0.541204 0.018750 0.058333
0 0.578385 0.540278 0.023438 0.054630
